23,23
23,22
23,21
23,20
23,19
23,18
23,17
23,16
23,15
23,14
23,13
23,12
23,11
23,10
23,9
23,8
23,7
23,6
23,5
23,4
23,3
23,2
23,1
23,0
22,12
22,11
22,10
22,9
22,8
22,7
22,6
22,5
22,4
22,3
22,2
22,1
22,0
21,3
21,2
21,1
21,0
20,10
20,9
20,8
20,7
20,6
20,5
20,4
20,3
20,2
20,1
20,0
19,69
19,68
19,67
19,66
19,65
19,64
19,35
19,34
19,33
19,32
19,31
19,30
19,29
19,28
19,27
19,26
19,25
19,24
19,23
19,22
19,21
19,20
19,19
19,18
19,17
19,16
19,15
19,14
19,13
19,12
19,11
19,10
19,9
19,8
19,7
19,6
19,5
19,4
19,3
19,2
19,1
19,0
4,3
4,2
4,1
4,0
3,6
3,5
3,4
3,3
3,2
3,1
3,0
2,3
2,2
2,1
2,0
1,3
1,2
1,1
1,0
0,408
0,322
0,243
0,9
0,310
0,305
0,308
0,304
0,303
0,302
0,307
0,12
0,10
0,8
0,0
0,396
0,300
0,299
0,298
0,297
0,395
0,296
0,394
0,295
0,393
0,294
0,392
0,293
0,391
0,292
0,291
0,290
0,390
0,289
0,389
0,288
0,427
0,287
0,426
0,286
0,425
0,285
0,388
0,284
0,387
0,283
0,386
0,282
0,385
0,281
0,384
0,280
0,423
0,279
0,424
0,278
0,383
0,277
0,382
0,276
23,24
23,25
24,1
24,2
24,4
24,5
24,7
24,9
24,10
24,12
24,13
24,15
24,17
24,18
24,20
24,21
24,23
24,24
24,26
25,0
25,1
25,3
25,4
25,6
25,8
25,9
25,11
25,10
25,7
25,5
25,2
24,27
24,25
24,22
24,19
24,16
24,14
24,11
24,8
24,6
24,3
24,0
0,422
0,275
0,421
0,274
0,420
0,273
0,381
0,272
0,380
0,271
0,379
0,270
0,378
0,269
0,377
0,268
0,419
0,267
0,418
0,266
0,376
0,265
0,375
0,264
0,417
0,263
0,416
0,262
0,415
0,261
0,374
0,260
0,373
0,259
0,372
0,258
0,371
0,257
0,370
0,256
0,255
0,254
0,369
0,253
0,368
0,252
0,414
0,251
0,413
0,250
0,412
0,249
0,367
0,248
0,366
0,247
0,365
0,246
0,364
0,245
0,363
0,244
0,411
0,242
0,410
0,241
0,362
0,240
0,361
0,239
0,238
0,237
0,409
0,236
0,360
0,235
0,359
0,234
0,358
0,233
0,357
0,232
0,356
0,231
0,407
0,230
0,406
0,229
0,355
0,228
0,354
0,227
0,405
0,226
0,404
0,225
0,224
0,353
0,223
0,352
0,222
0,351
0,221
0,350
0,220
0,349
0,219
0,403
0,218
0,348
0,217
0,402
0,216
0,347
0,215
0,346
0,214
0,345
0,213
0,344
0,212
0,343
0,211
0,342
0,210
0,401
0,209
0,341
0,208
0,340
0,207
0,339
0,206
0,338
0,205
0,337
0,204
0,336
0,203
0,400
0,202
0,335
0,201
0,334
0,200
0,333
0,199
0,332
0,198
0,399
0,197
0,331
0,196
0,330
0,195
0,329
0,194
0,328
0,193
0,327
0,192
0,326
0,63
0,398
0,62
0,325
0,61
0,324
0,60
0,323
0,59
0,321
0,58
0,397
0,57
0,320
0,56
0,319
0,55
0,318
0,54
0,317
0,53
0,316
0,52
0,315
0,51
0,314
0,50
0,313
0,49
0,312
0,48
0,311
0,47
0,309
0,46
0,306
0,45
0,301
0,6
0,5
0,1
0,11
0,4
0,2
0,3
0,7
